image_width: 1280
image_height: 720
camera_name: narrow_stereo

camera_matrix:
  rows: 3
  cols: 3
  data: [640, 0, 320,
         0, 640, 240,
         0, 0, 1]

k: [640.0, 0.0, 320.0,
    0.0, 640.0, 240.0,
    0.0,   0.0,   1.0]

distortion_model: plumb_bob

distortion_coefficients:
  rows: 1
  cols: 5
  data: [0.051971, 0.053343, 0.024273, 0.000262, 0.000000]

d: [0.051971, 0.053343, 0.024273, 0.000262, 0.000000]

